Sample Code Output

Mean Value for Clusters
0
39251.824259
6.437058
4.910394
606.0
0.999857
0.000000
0.000000
0.000000
0.000000
0.000000
1.508714e+09
5.517111e+08
72.415336
43.929447
69.716648
266.828141
1537.211110
207.716616
190.950465
1
38446.515751
5.486413
4.634340
606.0
0.000000
0.000000
0.000000
0.000000
0.000000
0.943182
1.497875e+09
5.505455e+08
122.080759
66.285755
115.771383
119.484178
308.284646
89.676490
86.472968
2
38057.186809
5.003103
3.519689
606.0
0.000000
1.000000
0.000000
0.000000
0.000000
0.000000
1.493301e+09
5.463482e+08
75.449547
63.847972
71.942172
55.773973
269.299194
42.190720
40.149777
3
38655.452914
4.840336
3.797881
606.0
0.000000
0.000000
0.000000
1.000000
0.000000
0.000000
1.500659e+09
5.534000e+08
158.361178
68.837490
131.856175
71.485091
231.118871
55.620431
53.941466
4
37940.401902
4.200010
2.790631
606.0
0.000000
0.000000
1.000000
0.000000
0.000000
0.000000
1.491320e+09
5.539302e+08
378.143401
245.418312
349.105351
28.594104
118.299263
23.299814
23.135646
5
44830.350225
5.326656
4.047773
604.0
0.115459
0.194355
0.053881
0.173188
0.014753
0.356639
1.581486e+09
5.177264e+08
156.222130
82.317511
128.570879
107.046014
404.401387
81.556066
78.251399
6
31999.541063
5.085106
4.208259
607.0
0.202899
0.014493
0.028986
0.144928
0.024155
0.487923
1.415462e+09
5.454922e+08
121.594203
64.265700
108.864734
121.770253
313.778835
92.222771
91.562576
7
43474.724036
4.963161
3.994889
600.0
0.023739
0.186944
0.035608
0.163205
0.000000
0.528190
1.562579e+09
4.937142e+08
88.728190
55.086053
83.356083
80.369700
203.856747
59.782426
60.517740
8
37886.372340
4.690112
3.723224
601.0
0.031915
0.212766
0.117021
0.287234
0.000000
0.255319
1.491489e+09
5.186275e+08
159.914894
71.521277
126.212766
70.739464
196.206165
54.922386
52.971914
9
39289.931268
6.971682
5.006494
606.0
0.000000
0.000000
0.000000
0.000000
1.000000
0.000000
1.508190e+09
5.645446e+08
33.358180
31.370765
33.354308
179.057306
1317.095318
143.964660
133.207206
10
14420.000000
6.051639
5.021167
602.0
0.222222
0.000000
0.000000
0.000000
0.000000
0.777778
1.184862e+09
6.020114e+08
33.888889
32.333333
33.888889
199.272222
784.987093
153.890715
137.062473
11
61913.000000
4.894046
3.401345
605.0
0.000000
0.864865
0.000000
0.027027
0.000000
0.000000
1.801848e+09
6.052387e+08
55.567568
51.513514
54.432432
43.601192
188.783784
33.395036
31.010341
12
26764.621622
5.197886
4.019934
608.0
0.054054
0.243243
0.027027
0.270270
0.000000
0.243243
1.349057e+09
5.094565e+08
289.540541
50.216216
103.918919
110.057132
627.884241
83.640397
80.047544
13
72975.000000
4.850477
3.922636
603.0
0.000000
0.000000
0.000000
0.000000
0.000000
1.000000
1.942453e+09
6.031200e+04
36.333333
31.666667
36.333333
55.790000
141.000000
43.218073
40.585729
14
38680.393715
3.302522
2.186732
606.0
0.184462
0.000000
0.000000
0.004880
0.000000
0.011907
1.501134e+09
5.504038e+08
951.938259
75.397814
127.020301
17.726795
45.001117
15.850464
15.826908

SSE for different cluster sizes

[1177366.7845800587, 1089458.2071670133, 965422.3615765925, 887945.1885194202, 795009.984914742, 708416.0482690104, 625299.0267511776, 546596.4550447162, 465945.9038500693, 388224.3862419265, 309193.29005840764, 231647.380947997, 154282.229740852, 117704.07507048915, 105783.08846910705, 92208.47883606619, 81782.44557038303, 72853.58910366154]

Subset of Clustered Data

72950	72974	4.248495	3.321432	603	0	0	0	0	0	1	1942453022	ALBRECHT	JOERG	NaN	M.D.	M	I	1900 WEST POLK STREET	SECTION OF DERMATOLOGY, ADMIN. BUILDING, 5TH F...	CHICAGO	60312	IL	US	Dermatology	Y	O	99212	Established patient office or other outpatient...	N	34.0	30	34	27.70	70.0	21.720000	20.260000	13
72951	72975	4.941642	4.008423	603	0	0	0	0	0	1	1942453022	ALBRECHT	JOERG	NaN	M.D.	M	I	1900 WEST POLK STREET	SECTION OF DERMATOLOGY, ADMIN. BUILDING, 5TH F...	CHICAGO	60312	IL	US	Dermatology	Y	O	99213	Established patient office or other outpatient...	N	64.0	54	64	55.06	140.0	41.594219	39.027187	13
72952	72976	5.361292	4.438052	603	0	0	0	0	0	1	1942453022	ALBRECHT	